0B 00 C0 8F 7F 13 25 19 1F 1B 1C 00 00 00 00 00 FF 74 02 01 20 E9 87 5B 88 13 00 00 00 00 00 00 00 00 00 00 00 00 00 00 00 00 00 00 00 00 00 00 86 3C 2E 00 00 00 00 00 02 7D 02 01 52 09 88 5B 88 13 00 00 00 00 00 00 00 00 00 00 00 00 00 00 00 00 00 00 00 00 00 00 FB 63 2E 00 00 00 00 00 0B 7D 02 01 5D 09 88 5B 88 13 E8 03 00 00 00 00 00 00 00 00 00 00 00 00 00 00 00 00 00 00 00 00 8D B2 2E 00 00 00 00 00 13 7D 02 01 68 09 88 5B 88 13 A4 06 00 00 00 00 00 00 00 00 00 00 00 00 00 00 00 00 00 00 00 00 46 8E 17 00 00 00 00 00 EE 0C 00 09 56 D3 8C 5B 00 00 00 00 00 00 00 00 00 00 00 00 00 00 00 00 00 00 00 00 00 00 00 00 A2 F2 1A 00 00 00 00 00 C6 2A 00 01 46 16 8D 5B 00 00 00 00 00 00 00 00 00 00 00 00 00 00 00 00 00 00 00 00 00 00 00 00 8B E8 14 00 00 00 00 00 0B 0A 02 01 47 F0 97 5B 00 00 00 00 00 00 00 00 00 00 00 00 00 00 00 00 00 00 00 00 00 00 00 00 9D F8 2D 00 00 00 00 00 17 1E 00 09 D2 DD A0 5B 88 13 DC 05 00 00 00 00 00 00 00 00 00 00 00 00 00 00 00 00 00 00 00 00 7A 15 2E 00 00 00 00 00 A6 2B 00 01 36 2C A1 5B 88 13 B8 0B 00 00 00 00 00 00 00 00 00 00 00 00 00 00 00 00 00 00 00 00 C7 D8 2E 00 00 00 00 00 2B 2E 00 01 29 34 A1 5B 88 13 00 00 00 00 00 00 00 00 00 00 00 00 00 00 00 00 00 00 00 00 00 00 C3 4E 26 00 01 00 00 00 41 1F 00 09 66 1C B3 5B 00 00 00 00 00 00 00 00 00 00 00 00 00 00 00 00 00 00 00 00 00 00 00 00 57 D7 27 00 01 00 00 00 CB 15 00 09 C0 1C B3 5B 00 00 00 00 00 00 00 00 00 00 00 00 00 00 00 00 00 00 00 00 00 00 00 00 83 67 2E 00 00 00 00 00 DC B8 00 01 B2 43 B3 5C 88 13 00 00 00 00 00 00 00 00 00 00 00 00 00 00 00 00 00 00 00 00 00 00 5B 36 1A 00 00 00 00 00 85 C2 00 01 AC 58 B3 5C 88 13 00 00 00 00 00 00 00 00 00 00 00 00 00 00 00 00 00 00 00 00 00 00 B6 28 17 00 00 00 00 00 A1 C2 00 01 D6 58 B3 5C 00 00 00 00 00 00 00 00 00 00 00 00 00 00 00 00 00 00 00 00 00 00 00 00 FA 1E 14 00 00 00 00 00 A2 C2 00 01 D6 58 B3 5C 00 00 00 00 00 00 00 00 00 00 00 00 00 00 00 00 00 00 00 00 00 00 00 00 90 73 47 00 01 00 00 00 1B 44 01 01 B2 24 B6 5C 00 00 00 00 00 00 00 00 00 00 00 00 00 00 00 00 00 00 00 00 00 00 00 00 D7 14 51 00 00 00 00 00 48 1B 01 02 BC 1B BB 5C 00 00 00 00 00 00 00 00 00 00 00 00 00 00 00 00 00 00 00 00 00 00 00 00 90 73 47 00 01 00 00 00 60 1B 01 02 D9 1B BB 5C 00 00 00 00 00 00 00 00 00 00 00 00 00 00 00 00 00 00 00 00 00 00 00 00 90 73 47 00 01 00 00 00 62 1B 01 02 DA 1B BB 5C 00 00 00 00 00 00 00 00 00 00 00 00 00 00 00 00 00 00 00 00 00 00 00 00 90 73 47 00 01 00 00 00 67 1B 01 02 DC 1B BB 5C 00 00 00 00 00 00 00 00 00 00 00 00 00 00 00 00 00 00 00 00 00 00 00 00 90 73 47 00 01 00 00 00 7B 1B 01 02 E5 1B BB 5C 00 00 00 00 00 00 00 00 00 00 00 00 00 00 00 00 00 00 00 00 00 00 00 00 90 73 47 00 01 00 00 00 9F 3F 00 01 EB 70 C1 5C 00 00 00 00 00 00 00 00 00 00 00 00 00 00 00 00 00 00 00 00 00 00 00 00 90 73 47 00 01 00 00 00 A0 3F 00 01 EC 70 C1 5C 00 00 00 00 00 00 00 00 00 00 00 00 00 00 00 00 00 00 00 00 00 00 00 00 AB 56 26 00 00 00 00 00 AD CD 01 01 E8 83 C9 5C 00 00 00 00 00 00 00 00 00 00 00 00 00 00 00 00 00 00 00 00 00 00 00 00




0E 00 B0 80 F4 12 02 01 0A 14 C6 61 00 00 00 00 47 24 00 01 14 FF 8C 5B 88 13 00 00 00 00 00 00 00 00 00 00 00 00 00 00 00 00 00 00
 


 
0C 00 B0 80 F0 12 03 01 07 8E 6D 47 00 00 00 00 78 DE 02 01 34 B1 89 5B 00 00 00 00 00 00 00 00 00 00 00 00 00 00 00 00 00 00 00 00